20-40 ping
0.115
0.15529888
0.125918
0.109333
0.1025
0.102566
0.1088344
0.1664398
0.164
0.187
0.1145
0.1499

40-60 ping
0.1384
0.1843
0.133
0.18
0.151
0.12118333

70-90 ping
0.1344
0.1365
0.1357
0.1355
0.1437
0.11923
0.13772123
0.12313232
0.1332241241231
0.1368123

110-140 ping
0.1345
0.1409
0.141199
0.143765

140-180
0.129934
0.1652131
0.125333
0.1223333
0.15
0.16
0.165455312399999

200-300 ping
0.165771
0.1746
0.1567
0.1654
0.18321
0.1456
0.165561
0.18742
0.16457
0.16537
0.12194
0.16780
0.165732
0.15692
0.16942
0.19284
0.165782
0.19284
0.166547
0.1651
0.165566

any ping
0.138
0.121192
0.1923441
0.129331234
0.125345
0.162231
0.142934
0.143324
0.1244512
0.193444