0.128090
0.126333
0.123605
0.122297
0.142362
0.107617
0.117622
0.143817
0.123088
0.115884
0.12092
0.152846
0.126911
0.135400
0.138550
0.127196
CLOSE/MID SETS.
0.1433431
0.11282
0.13322
0.123
__________________
FAR SETS 
0.11105
0.11120                                                                                                                __________________                                                                                                     0.120080
0.122632
0.121330
0.115740
0.114712
0.101750
0.119839
0.102664 